MODE, N, BUBBLE, QUICK, MERGE, HEAP, INSERTION, COUNTING
RANDOM, 1000, 0.015991926193237305, 0.019955158233642578, 0.0006892681121826172, 0.0001537799835205078, 4.506111145019531e-05, 0.0001227855682373047
RANDOM, 2000, 0.017403364181518555, 0.00045108795166015625, 0.00067901611328125, 0.0009450912475585938, 0.006851673126220703, 0.00015211105346679688
RANDOM, 3000, 0.01585102081298828, 0.0004100799560546875, 0.0006480216979980469, 0.0009038448333740234, 0.006780147552490234, 0.0002009868621826172
RANDOM, 4000, 0.014968156814575195, 0.0004248619079589844, 0.0006241798400878906, 0.0008809566497802734, 0.00660395622253418, 0.0002372264862060547
RANDOM, 5000, 0.01568007469177246, 0.0003771781921386719, 0.0005939006805419922, 0.0008981227874755859, 0.006676912307739258, 0.00025916099548339844
RANDOM, 6000, 0.015213251113891602, 0.0004448890686035156, 0.0006120204925537109, 0.0009107589721679688, 0.006649971008300781, 0.0002961158752441406
RANDOM, 7000, 0.014986991882324219, 0.0003879070281982422, 0.0005810260772705078, 0.0008807182312011719, 0.006356954574584961, 0.00031113624572753906
RANDOM, 8000, 0.015158891677856445, 0.0004532337188720703, 0.0006339550018310547, 0.0008928775787353516, 0.006855010986328125, 0.00034809112548828125
RANDOM, 9000, 0.01491403579711914, 0.00040984153747558594, 0.0006411075592041016, 0.0008299350738525391, 0.006186962127685547, 0.0003821849822998047
RANDOM, 10000, 0.014960289001464844, 0.00041794776916503906, 0.0012311935424804688, 0.001116037368774414, 0.006155967712402344, 0.0006151199340820312
RANDOM, 11000, 0.015189886093139648, 0.00042700767517089844, 0.0006389617919921875, 0.0008549690246582031, 0.006466865539550781, 0.00045609474182128906
RANDOM, 12000, 0.015816926956176758, 0.00043010711669921875, 0.0006389617919921875, 0.0009129047393798828, 0.006300926208496094, 0.0004589557647705078
RANDOM, 13000, 0.015122175216674805, 0.00039386749267578125, 0.0006372928619384766, 0.0008769035339355469, 0.006696224212646484, 0.0004909038543701172
RANDOM, 14000, 0.014981269836425781, 0.00043392181396484375, 0.0006258487701416016, 0.0008981227874755859, 0.006558895111083984, 0.0005402565002441406
RANDOM, 15000, 0.015103816986083984, 0.0003898143768310547, 0.0005929470062255859, 0.0008261203765869141, 0.0061168670654296875, 0.0005252361297607422
RANDOM, 16000, 0.01579594612121582, 0.0004076957702636719, 0.0006499290466308594, 0.0009150505065917969, 0.006631135940551758, 0.0005927085876464844
RANDOM, 17000, 0.01505899429321289, 0.0004150867462158203, 0.0006427764892578125, 0.0008182525634765625, 0.0063478946685791016, 0.0006780624389648438
RANDOM, 18000, 0.015258073806762695, 0.0003941059112548828, 0.0006439685821533203, 0.0008878707885742188, 0.0067021846771240234, 0.0006430149078369141
RANDOM, 19000, 0.014742851257324219, 0.00039386749267578125, 0.000701904296875, 0.0010190010070800781, 0.0066070556640625, 0.0006818771362304688
RANDOM, 20000, 0.015414953231811523, 0.0004220008850097656, 0.0006551742553710938, 0.0009169578552246094, 0.007256984710693359, 0.0008440017700195312
RANDOM, 21000, 0.016009092330932617, 0.0004570484161376953, 0.0005991458892822266, 0.0008900165557861328, 0.0065801143646240234, 0.0008211135864257812
RANDOM, 22000, 0.015304088592529297, 0.00041794776916503906, 0.0006730556488037109, 0.0008959770202636719, 0.0063741207122802734, 0.0009016990661621094
RANDOM, 23000, 0.015601158142089844, 0.0003960132598876953, 0.000701904296875, 0.0008866786956787109, 0.0064961910247802734, 0.0008161067962646484
RANDOM, 24000, 0.015208244323730469, 0.00041866302490234375, 0.0006392002105712891, 0.0009250640869140625, 0.006463050842285156, 0.0008299350738525391
RANDOM, 25000, 0.015347957611083984, 0.00041794776916503906, 0.0006129741668701172, 0.0009169578552246094, 0.006389141082763672, 0.000946044921875
RANDOM, 26000, 0.015499114990234375, 0.00043082237243652344, 0.0006618499755859375, 0.0009071826934814453, 0.006518840789794922, 0.000988006591796875
RANDOM, 27000, 0.015559911727905273, 0.00044608116149902344, 0.0006880760192871094, 0.0009148120880126953, 0.006331920623779297, 0.0009088516235351562
RANDOM, 28000, 0.015455961227416992, 0.0004138946533203125, 0.0006692409515380859, 0.0009069442749023438, 0.00677180290222168, 0.0009379386901855469
RANDOM, 29000, 0.014897823333740234, 0.0004398822784423828, 0.0006442070007324219, 0.0008900165557861328, 0.006551980972290039, 0.0009641647338867188
RANDOM, 30000, 0.014930009841918945, 0.00040030479431152344, 0.0006098747253417969, 0.0008959770202636719, 0.006334781646728516, 0.0011358261108398438
RANDOM, 31000, 0.015481233596801758, 0.00039196014404296875, 0.0006289482116699219, 0.0008759498596191406, 0.006330013275146484, 0.0010371208190917969
RANDOM, 32000, 0.015037775039672852, 0.0004100799560546875, 0.0006248950958251953, 0.0008869171142578125, 0.006570100784301758, 0.001035928726196289
RANDOM, 33000, 0.0157320499420166, 0.00039315223693847656, 0.0005908012390136719, 0.0008370876312255859, 0.006595134735107422, 0.001051187515258789
RANDOM, 34000, 0.015787124633789062, 0.00040984153747558594, 0.0006630420684814453, 0.0009081363677978516, 0.006702899932861328, 0.0012159347534179688
RANDOM, 35000, 0.015330076217651367, 0.0004429817199707031, 0.0006260871887207031, 0.0008959770202636719, 0.0068128108978271484, 0.0012748241424560547
RANDOM, 36000, 0.01506495475769043, 0.0003948211669921875, 0.0006339550018310547, 0.0008702278137207031, 0.006372928619384766, 0.0011851787567138672
RANDOM, 37000, 0.015468120574951172, 0.00041174888610839844, 0.0006279945373535156, 0.0008950233459472656, 0.006567955017089844, 0.0014209747314453125
RANDOM, 38000, 0.014478206634521484, 0.00039505958557128906, 0.0005860328674316406, 0.0008177757263183594, 0.0061419010162353516, 0.0011131763458251953
RANDOM, 39000, 0.014698982238769531, 0.0004048347473144531, 0.0006823539733886719, 0.0008738040924072266, 0.00641179084777832, 0.0012998580932617188
RANDOM, 40000, 0.015069007873535156, 0.0003800392150878906, 0.0005919933319091797, 0.000865936279296875, 0.006514072418212891, 0.0014531612396240234
RANDOM, 41000, 0.015221118927001953, 0.0003972053527832031, 0.0005986690521240234, 0.0008361339569091797, 0.006793022155761719, 0.0013549327850341797
RANDOM, 42000, 0.015293359756469727, 0.00040411949157714844, 0.0006420612335205078, 0.0009059906005859375, 0.006358146667480469, 0.0013628005981445312
RANDOM, 43000, 0.015869855880737305, 0.0004229545593261719, 0.0006380081176757812, 0.0008831024169921875, 0.006781816482543945, 0.0014200210571289062
RANDOM, 44000, 0.01522517204284668, 0.0004220008850097656, 0.0006439685821533203, 0.0008971691131591797, 0.006657123565673828, 0.0014300346374511719
RANDOM, 45000, 0.015435934066772461, 0.00039696693420410156, 0.0006229877471923828, 0.000865936279296875, 0.006629228591918945, 0.001470804214477539
RANDOM, 46000, 0.015164852142333984, 0.0004029273986816406, 0.0006380081176757812, 0.0008599758148193359, 0.006654024124145508, 0.0014841556549072266
RANDOM, 47000, 0.015314102172851562, 0.0003769397735595703, 0.0005807876586914062, 0.0008471012115478516, 0.006648063659667969, 0.0015590190887451172
RANDOM, 48000, 0.014958858489990234, 0.0004000663757324219, 0.0006196498870849609, 0.0008821487426757812, 0.006406068801879883, 0.0015659332275390625
RANDOM, 49000, 0.015218257904052734, 0.0003960132598876953, 0.0006301403045654297, 0.0008840560913085938, 0.0064411163330078125, 0.0017390251159667969
RANDOM, 50000, 0.015357255935668945, 0.00042128562927246094, 0.0005929470062255859, 0.0008571147918701172, 0.006829977035522461, 0.0016789436340332031
REVERSE, 1000, 9.5367431640625e-07, 9.5367431640625e-07, 0.0, 9.5367431640625e-07, 0.0, 9.5367431640625e-07
REVERSE, 2000, 0.0, 7.152557373046875e-07, 0.0, 0.0, 0.0, 9.5367431640625e-07
REVERSE, 3000, 9.5367431640625e-07, 9.5367431640625e-07, 9.5367431640625e-07, 1.1920928955078125e-06, 0.0, 2.9802322387695312e-05
REVERSE, 4000, 9.5367431640625e-07, 9.5367431640625e-07, 9.5367431640625e-07, 0.0, 0.0, 5.888938903808594e-05
REVERSE, 5000, 9.5367431640625e-07, 1.1920928955078125e-06, 9.5367431640625e-07, 9.5367431640625e-07, 9.5367431640625e-07, 8.487701416015625e-05
REVERSE, 6000, 1.1920928955078125e-06, 9.5367431640625e-07, 2.1457672119140625e-06, 9.5367431640625e-07, 0.0, 0.00011610984802246094
REVERSE, 7000, 9.5367431640625e-07, 2.1457672119140625e-06, 1.6689300537109375e-06, 1.1920928955078125e-06, 0.0, 0.00013709068298339844
REVERSE, 8000, 9.5367431640625e-07, 1.9073486328125e-06, 2.1457672119140625e-06, 1.9073486328125e-06, 9.5367431640625e-07, 0.00016307830810546875
REVERSE, 9000, 2.1457672119140625e-06, 1.9073486328125e-06, 2.86102294921875e-06, 2.1457672119140625e-06, 1.9073486328125e-06, 0.0002079010009765625
REVERSE, 10000, 2.1457672119140625e-06, 3.0994415283203125e-06, 2.6226043701171875e-06, 3.0994415283203125e-06, 2.1457672119140625e-06, 0.00023984909057617188
REVERSE, 11000, 3.0994415283203125e-06, 2.86102294921875e-06, 2.86102294921875e-06, 3.0994415283203125e-06, 1.1920928955078125e-06, 0.0002789497375488281
REVERSE, 12000, 3.0994415283203125e-06, 3.0994415283203125e-06, 4.0531158447265625e-06, 3.814697265625e-06, 2.1457672119140625e-06, 0.0003330707550048828
REVERSE, 13000, 3.0994415283203125e-06, 3.814697265625e-06, 4.0531158447265625e-06, 4.0531158447265625e-06, 1.9073486328125e-06, 0.0003180503845214844
REVERSE, 14000, 4.0531158447265625e-06, 2.86102294921875e-06, 4.0531158447265625e-06, 5.245208740234375e-06, 1.6689300537109375e-06, 0.00034499168395996094
REVERSE, 15000, 3.814697265625e-06, 4.0531158447265625e-06, 5.0067901611328125e-06, 5.0067901611328125e-06, 3.0994415283203125e-06, 0.0004069805145263672
REVERSE, 16000, 5.245208740234375e-06, 4.76837158203125e-06, 6.198883056640625e-06, 3.814697265625e-06, 3.0994415283203125e-06, 0.00040602684020996094
REVERSE, 17000, 5.7220458984375e-06, 5.245208740234375e-06, 7.867813110351562e-06, 5.9604644775390625e-06, 4.0531158447265625e-06, 0.0004448890686035156
REVERSE, 18000, 6.9141387939453125e-06, 5.245208740234375e-06, 6.9141387939453125e-06, 6.198883056640625e-06, 3.814697265625e-06, 0.0004930496215820312
REVERSE, 19000, 7.867813110351562e-06, 6.198883056640625e-06, 6.9141387939453125e-06, 5.9604644775390625e-06, 5.0067901611328125e-06, 0.0004980564117431641
REVERSE, 20000, 8.106231689453125e-06, 6.198883056640625e-06, 6.9141387939453125e-06, 6.9141387939453125e-06, 5.0067901611328125e-06, 0.0005121231079101562
REVERSE, 21000, 8.821487426757812e-06, 6.9141387939453125e-06, 7.867813110351562e-06, 7.3909759521484375e-06, 5.7220458984375e-06, 0.0005800724029541016
REVERSE, 22000, 1.0013580322265625e-05, 7.867813110351562e-06, 7.867813110351562e-06, 7.152557373046875e-06, 6.9141387939453125e-06, 0.0005791187286376953
REVERSE, 23000, 9.775161743164062e-06, 8.106231689453125e-06, 7.867813110351562e-06, 8.106231689453125e-06, 7.152557373046875e-06, 0.0006296634674072266
REVERSE, 24000, 1.0967254638671875e-05, 9.059906005859375e-06, 9.059906005859375e-06, 9.059906005859375e-06, 7.867813110351562e-06, 0.0006999969482421875
REVERSE, 25000, 1.1920928955078125e-05, 9.059906005859375e-06, 8.821487426757812e-06, 9.059906005859375e-06, 8.344650268554688e-06, 0.0007238388061523438
REVERSE, 26000, 1.2159347534179688e-05, 1.0013580322265625e-05, 8.821487426757812e-06, 9.298324584960938e-06, 7.867813110351562e-06, 0.0006778240203857422
REVERSE, 27000, 1.4066696166992188e-05, 1.0967254638671875e-05, 1.0013580322265625e-05, 1.0013580322265625e-05, 1.0013580322265625e-05, 0.0008230209350585938
REVERSE, 28000, 1.52587890625e-05, 1.0967254638671875e-05, 1.0013580322265625e-05, 1.0967254638671875e-05, 1.0013580322265625e-05, 0.0007238388061523438
REVERSE, 29000, 1.5974044799804688e-05, 1.1920928955078125e-05, 1.1205673217773438e-05, 1.0967254638671875e-05, 1.0967254638671875e-05, 0.0007789134979248047
REVERSE, 30000, 1.6927719116210938e-05, 1.1920928955078125e-05, 1.1205673217773438e-05, 1.0967254638671875e-05, 1.1920928955078125e-05, 0.0008478164672851562
REVERSE, 31000, 1.811981201171875e-05, 1.2874603271484375e-05, 1.1205673217773438e-05, 1.1920928955078125e-05, 1.1920928955078125e-05, 0.0008399486541748047
REVERSE, 32000, 1.9073486328125e-05, 1.4066696166992188e-05, 1.1920928955078125e-05, 1.2159347534179688e-05, 1.2874603271484375e-05, 0.0008728504180908203
REVERSE, 33000, 2.002716064453125e-05, 1.5020370483398438e-05, 1.1920928955078125e-05, 1.2159347534179688e-05, 1.3828277587890625e-05, 0.0009541511535644531
REVERSE, 34000, 2.1696090698242188e-05, 1.621246337890625e-05, 1.3113021850585938e-05, 1.2874603271484375e-05, 1.5020370483398438e-05, 0.0008718967437744141
REVERSE, 35000, 2.3126602172851562e-05, 1.621246337890625e-05, 1.2874603271484375e-05, 1.4066696166992188e-05, 1.5020370483398438e-05, 0.0009717941284179688
REVERSE, 36000, 2.4080276489257812e-05, 2.3126602172851562e-05, 1.2874603271484375e-05, 1.4066696166992188e-05, 1.5020370483398438e-05, 0.0010488033294677734
REVERSE, 37000, 2.5272369384765625e-05, 1.6927719116210938e-05, 1.4066696166992188e-05, 1.4781951904296875e-05, 1.71661376953125e-05, 0.001024007797241211
REVERSE, 38000, 2.7179718017578125e-05, 1.9073486328125e-05, 1.4066696166992188e-05, 1.4781951904296875e-05, 1.8358230590820312e-05, 0.001035928726196289
REVERSE, 39000, 2.8133392333984375e-05, 1.8835067749023438e-05, 1.4066696166992188e-05, 1.5020370483398438e-05, 2.002716064453125e-05, 0.0011949539184570312
REVERSE, 40000, 3.1948089599609375e-05, 2.193450927734375e-05, 1.5974044799804688e-05, 1.6927719116210938e-05, 1.9311904907226562e-05, 0.0010879039764404297
REVERSE, 41000, 3.0994415283203125e-05, 2.09808349609375e-05, 1.5974044799804688e-05, 1.6927719116210938e-05, 2.09808349609375e-05, 0.0011513233184814453
REVERSE, 42000, 4.100799560546875e-05, 2.4080276489257812e-05, 1.6689300537109375e-05, 1.7881393432617188e-05, 2.193450927734375e-05, 0.0012400150299072266
REVERSE, 43000, 3.409385681152344e-05, 2.3126602172851562e-05, 1.5735626220703125e-05, 1.7881393432617188e-05, 2.3126602172851562e-05, 0.0011780261993408203
REVERSE, 44000, 3.504753112792969e-05, 2.4080276489257812e-05, 1.6689300537109375e-05, 1.9311904907226562e-05, 2.3126602172851562e-05, 0.0011570453643798828
REVERSE, 45000, 3.790855407714844e-05, 2.5033950805664062e-05, 1.6927719116210938e-05, 1.8835067749023438e-05, 2.5033950805664062e-05, 0.0013151168823242188
REVERSE, 46000, 3.886222839355469e-05, 2.5987625122070312e-05, 1.811981201171875e-05, 2.002716064453125e-05, 2.574920654296875e-05, 0.0012781620025634766
REVERSE, 47000, 4.410743713378906e-05, 2.7179718017578125e-05, 1.7881393432617188e-05, 2.002716064453125e-05, 2.6941299438476562e-05, 0.0012869834899902344
REVERSE, 48000, 4.1961669921875e-05, 2.7894973754882812e-05, 1.6689300537109375e-05, 1.811981201171875e-05, 2.6226043701171875e-05, 0.0013799667358398438
REVERSE, 49000, 4.410743713378906e-05, 2.8133392333984375e-05, 1.6927719116210938e-05, 1.8835067749023438e-05, 2.7179718017578125e-05, 0.001374959945678711
REVERSE, 50000, 4.6253204345703125e-05, 2.9802322387695312e-05, 2.002716064453125e-05, 2.09808349609375e-05, 3.123283386230469e-05, 0.0014269351959228516
ORDERED, 1000, 9.5367431640625e-07, 0.0, 0.0, 9.5367431640625e-07, 0.0, 1.1920928955078125e-06
ORDERED, 2000, 0.0, 9.5367431640625e-07, 0.0, 0.0, 0.0, 1.1920928955078125e-06
ORDERED, 3000, 0.0, 9.5367431640625e-07, 9.5367431640625e-07, 1.1920928955078125e-06, 0.0, 2.8848648071289062e-05
ORDERED, 4000, 0.0, 1.1920928955078125e-06, 9.5367431640625e-07, 9.5367431640625e-07, 0.0, 6.175041198730469e-05
ORDERED, 5000, 9.5367431640625e-07, 9.5367431640625e-07, 2.1457672119140625e-06, 7.152557373046875e-07, 1.1920928955078125e-06, 9.298324584960938e-05
ORDERED, 6000, 7.152557373046875e-07, 2.1457672119140625e-06, 9.5367431640625e-07, 1.1920928955078125e-06, 9.5367431640625e-07, 0.00011014938354492188
ORDERED, 7000, 9.5367431640625e-07, 9.5367431640625e-07, 1.9073486328125e-06, 2.1457672119140625e-06, 0.0, 0.0001418590545654297
ORDERED, 8000, 9.5367431640625e-07, 2.1457672119140625e-06, 1.9073486328125e-06, 2.1457672119140625e-06, 7.152557373046875e-07, 0.0001609325408935547
ORDERED, 9000, 9.5367431640625e-07, 2.1457672119140625e-06, 3.0994415283203125e-06, 2.6226043701171875e-06, 0.0, 0.0002071857452392578
ORDERED, 10000, 1.1920928955078125e-06, 2.1457672119140625e-06, 2.6226043701171875e-06, 3.0994415283203125e-06, 0.0, 0.0002429485321044922
ORDERED, 11000, 2.1457672119140625e-06, 3.814697265625e-06, 3.0994415283203125e-06, 4.0531158447265625e-06, 9.5367431640625e-07, 0.00026106834411621094
ORDERED, 12000, 1.9073486328125e-06, 4.0531158447265625e-06, 3.0994415283203125e-06, 3.814697265625e-06, 0.0, 0.0002911090850830078
ORDERED, 13000, 2.6226043701171875e-06, 4.291534423828125e-06, 4.0531158447265625e-06, 4.76837158203125e-06, 1.1920928955078125e-06, 0.0003368854522705078
ORDERED, 14000, 2.1457672119140625e-06, 5.0067901611328125e-06, 3.814697265625e-06, 5.0067901611328125e-06, 7.152557373046875e-07, 0.00036144256591796875
ORDERED, 15000, 2.86102294921875e-06, 5.0067901611328125e-06, 5.0067901611328125e-06, 5.9604644775390625e-06, 0.0, 0.00040078163146972656
ORDERED, 16000, 3.0994415283203125e-06, 5.9604644775390625e-06, 5.0067901611328125e-06, 5.9604644775390625e-06, 0.0, 0.0004601478576660156
ORDERED, 17000, 3.814697265625e-06, 8.106231689453125e-06, 6.9141387939453125e-06, 9.059906005859375e-06, 9.5367431640625e-07, 0.00038504600524902344
ORDERED, 18000, 3.814697265625e-06, 7.152557373046875e-06, 5.7220458984375e-06, 6.9141387939453125e-06, 1.1920928955078125e-06, 0.00040602684020996094
ORDERED, 19000, 4.291534423828125e-06, 6.9141387939453125e-06, 5.7220458984375e-06, 8.344650268554688e-06, 9.5367431640625e-07, 0.0005037784576416016
ORDERED, 20000, 4.76837158203125e-06, 1.0013580322265625e-05, 9.775161743164062e-06, 1.0013580322265625e-05, 9.5367431640625e-07, 0.0004930496215820312
ORDERED, 21000, 4.291534423828125e-06, 8.106231689453125e-06, 6.9141387939453125e-06, 7.867813110351562e-06, 1.1920928955078125e-06, 0.0004909038543701172
ORDERED, 22000, 5.0067901611328125e-06, 9.059906005859375e-06, 6.9141387939453125e-06, 8.821487426757812e-06, 1.1920928955078125e-06, 0.0005109310150146484
ORDERED, 23000, 4.0531158447265625e-06, 9.059906005859375e-06, 7.867813110351562e-06, 8.821487426757812e-06, 1.1920928955078125e-06, 0.0005199909210205078
ORDERED, 24000, 5.0067901611328125e-06, 1.0013580322265625e-05, 7.867813110351562e-06, 9.059906005859375e-06, 9.5367431640625e-07, 0.0005431175231933594
ORDERED, 25000, 5.7220458984375e-06, 1.2159347534179688e-05, 7.867813110351562e-06, 1.0251998901367188e-05, 0.0, 0.0005810260772705078
ORDERED, 26000, 5.7220458984375e-06, 1.2159347534179688e-05, 9.059906005859375e-06, 1.0967254638671875e-05, 9.5367431640625e-07, 0.0006070137023925781
ORDERED, 27000, 6.9141387939453125e-06, 1.4066696166992188e-05, 8.821487426757812e-06, 1.1205673217773438e-05, 9.5367431640625e-07, 0.0006520748138427734
ORDERED, 28000, 8.344650268554688e-06, 1.3828277587890625e-05, 9.059906005859375e-06, 1.1920928955078125e-05, 9.5367431640625e-07, 0.0006902217864990234
ORDERED, 29000, 8.106231689453125e-06, 1.5974044799804688e-05, 1.0967254638671875e-05, 1.3113021850585938e-05, 9.5367431640625e-07, 0.0007271766662597656
ORDERED, 30000, 8.344650268554688e-06, 1.5735626220703125e-05, 1.1205673217773438e-05, 1.2874603271484375e-05, 1.1920928955078125e-06, 0.0007407665252685547
ORDERED, 31000, 8.821487426757812e-06, 1.811981201171875e-05, 1.0967254638671875e-05, 1.5020370483398438e-05, 9.5367431640625e-07, 0.0007660388946533203
ORDERED, 32000, 8.821487426757812e-06, 1.9073486328125e-05, 1.1920928955078125e-05, 1.9073486328125e-05, 9.5367431640625e-07, 0.0007879734039306641
ORDERED, 33000, 1.0013580322265625e-05, 1.9788742065429688e-05, 1.2159347534179688e-05, 1.5020370483398438e-05, 2.1457672119140625e-06, 0.000865936279296875
ORDERED, 34000, 1.2159347534179688e-05, 2.5033950805664062e-05, 1.4781951904296875e-05, 2.002716064453125e-05, 2.1457672119140625e-06, 0.0008590221405029297
ORDERED, 35000, 1.0728836059570312e-05, 2.09808349609375e-05, 1.1920928955078125e-05, 1.71661376953125e-05, 7.152557373046875e-07, 0.0008649826049804688
ORDERED, 36000, 1.1920928955078125e-05, 2.2172927856445312e-05, 1.2636184692382812e-05, 1.8358230590820312e-05, 9.5367431640625e-07, 0.0008709430694580078
ORDERED, 37000, 1.0967254638671875e-05, 2.384185791015625e-05, 1.3113021850585938e-05, 1.6927719116210938e-05, 1.1920928955078125e-06, 0.0009541511535644531
ORDERED, 38000, 1.1682510375976562e-05, 2.5033950805664062e-05, 1.4066696166992188e-05, 1.9073486328125e-05, 9.5367431640625e-07, 0.0009720325469970703
ORDERED, 39000, 1.2159347534179688e-05, 2.5987625122070312e-05, 1.3828277587890625e-05, 2.0265579223632812e-05, 7.152557373046875e-07, 0.0010051727294921875
ORDERED, 40000, 1.6927719116210938e-05, 2.9087066650390625e-05, 1.5020370483398438e-05, 2.09808349609375e-05, 1.1920928955078125e-06, 0.0010569095611572266
ORDERED, 41000, 1.52587890625e-05, 4.673004150390625e-05, 2.384185791015625e-05, 2.9087066650390625e-05, 1.9073486328125e-06, 0.0010209083557128906
ORDERED, 42000, 1.6927719116210938e-05, 3.504753112792969e-05, 1.7881393432617188e-05, 2.3126602172851562e-05, 2.1457672119140625e-06, 0.001027822494506836
ORDERED, 43000, 1.4066696166992188e-05, 2.8848648071289062e-05, 1.5020370483398438e-05, 2.002716064453125e-05, 9.5367431640625e-07, 0.0011560916900634766
ORDERED, 44000, 1.6927719116210938e-05, 3.1948089599609375e-05, 1.6927719116210938e-05, 2.3126602172851562e-05, 2.1457672119140625e-06, 0.0011708736419677734
ORDERED, 45000, 1.6689300537109375e-05, 3.409385681152344e-05, 1.5974044799804688e-05, 2.5033950805664062e-05, 2.1457672119140625e-06, 0.0011909008026123047
ORDERED, 46000, 1.7881393432617188e-05, 3.695487976074219e-05, 1.6927719116210938e-05, 2.4080276489257812e-05, 9.5367431640625e-07, 0.0011868476867675781
ORDERED, 47000, 1.7881393432617188e-05, 4.315376281738281e-05, 2.193450927734375e-05, 2.4080276489257812e-05, 1.9073486328125e-06, 0.0013041496276855469
ORDERED, 48000, 1.9311904907226562e-05, 3.886222839355469e-05, 1.7881393432617188e-05, 2.8848648071289062e-05, 2.1457672119140625e-06, 0.0012822151184082031
ORDERED, 49000, 1.9788742065429688e-05, 4.00543212890625e-05, 1.7881393432617188e-05, 2.6226043701171875e-05, 1.9073486328125e-06, 0.001277923583984375
ORDERED, 50000, 2.09808349609375e-05, 4.100799560546875e-05, 2.002716064453125e-05, 2.574920654296875e-05, 2.1457672119140625e-06, 0.0014190673828125
ALMOST_ORDERED, 1000, 0.0, 0.0, 1.1920928955078125e-06, 9.5367431640625e-07, 0.0, 0.0
ALMOST_ORDERED, 2000, 9.5367431640625e-07, 0.0, 0.0, 0.0, 0.0, 1.9073486328125e-06
ALMOST_ORDERED, 3000, 0.0, 1.1920928955078125e-06, 9.5367431640625e-07, 9.5367431640625e-07, 0.0, 2.9087066650390625e-05
ALMOST_ORDERED, 4000, 0.0, 9.5367431640625e-07, 1.1920928955078125e-06, 9.5367431640625e-07, 0.0, 5.698204040527344e-05
ALMOST_ORDERED, 5000, 9.5367431640625e-07, 9.5367431640625e-07, 1.1920928955078125e-06, 1.9073486328125e-06, 0.0, 8.392333984375e-05
ALMOST_ORDERED, 6000, 9.5367431640625e-07, 2.1457672119140625e-06, 7.152557373046875e-07, 2.1457672119140625e-06, 9.5367431640625e-07, 0.00011324882507324219
ALMOST_ORDERED, 7000, 9.5367431640625e-07, 2.1457672119140625e-06, 1.9073486328125e-06, 2.1457672119140625e-06, 9.5367431640625e-07, 0.00014400482177734375
ALMOST_ORDERED, 8000, 1.1920928955078125e-06, 1.6689300537109375e-06, 3.0994415283203125e-06, 2.1457672119140625e-06, 9.5367431640625e-07, 0.00015997886657714844
ALMOST_ORDERED, 9000, 9.059906005859375e-06, 3.0994415283203125e-06, 2.86102294921875e-06, 3.0994415283203125e-06, 0.0, 0.00019693374633789062
ALMOST_ORDERED, 10000, 1.6689300537109375e-06, 3.0994415283203125e-06, 3.0994415283203125e-06, 3.814697265625e-06, 0.0, 0.00021409988403320312
ALMOST_ORDERED, 11000, 2.86102294921875e-06, 4.0531158447265625e-06, 4.0531158447265625e-06, 4.76837158203125e-06, 9.5367431640625e-07, 0.0002760887145996094
ALMOST_ORDERED, 12000, 2.1457672119140625e-06, 2.86102294921875e-06, 4.0531158447265625e-06, 4.0531158447265625e-06, 0.0, 0.00029969215393066406
ALMOST_ORDERED, 13000, 2.1457672119140625e-06, 4.76837158203125e-06, 4.0531158447265625e-06, 5.245208740234375e-06, 7.152557373046875e-07, 0.0003001689910888672
ALMOST_ORDERED, 14000, 4.0531158447265625e-06, 3.814697265625e-06, 6.198883056640625e-06, 5.9604644775390625e-06, 9.5367431640625e-07, 0.00033092498779296875
ALMOST_ORDERED, 15000, 3.0994415283203125e-06, 5.0067901611328125e-06, 5.0067901611328125e-06, 5.9604644775390625e-06, 9.5367431640625e-07, 0.00037026405334472656
ALMOST_ORDERED, 16000, 3.0994415283203125e-06, 5.0067901611328125e-06, 4.76837158203125e-06, 5.9604644775390625e-06, 9.5367431640625e-07, 0.0003790855407714844
ALMOST_ORDERED, 17000, 3.814697265625e-06, 6.198883056640625e-06, 4.76837158203125e-06, 7.3909759521484375e-06, 9.5367431640625e-07, 0.00042700767517089844
ALMOST_ORDERED, 18000, 5.245208740234375e-06, 8.821487426757812e-06, 7.867813110351562e-06, 1.0013580322265625e-05, 1.1920928955078125e-06, 0.0004620552062988281
ALMOST_ORDERED, 19000, 3.814697265625e-06, 7.152557373046875e-06, 5.9604644775390625e-06, 7.867813110351562e-06, 9.5367431640625e-07, 0.0004930496215820312
ALMOST_ORDERED, 20000, 3.814697265625e-06, 8.106231689453125e-06, 7.152557373046875e-06, 7.867813110351562e-06, 9.5367431640625e-07, 0.0004942417144775391
ALMOST_ORDERED, 21000, 5.9604644775390625e-06, 5.0067901611328125e-06, 6.9141387939453125e-06, 9.298324584960938e-06, 7.152557373046875e-07, 0.0005249977111816406
ALMOST_ORDERED, 22000, 4.76837158203125e-06, 8.106231689453125e-06, 8.106231689453125e-06, 8.821487426757812e-06, 1.1920928955078125e-06, 0.0005288124084472656
ALMOST_ORDERED, 23000, 5.9604644775390625e-06, 1.0013580322265625e-05, 8.106231689453125e-06, 1.0013580322265625e-05, 1.9073486328125e-06, 0.0005500316619873047
ALMOST_ORDERED, 24000, 5.9604644775390625e-06, 1.0013580322265625e-05, 7.867813110351562e-06, 1.1205673217773438e-05, 9.5367431640625e-07, 0.0006110668182373047
ALMOST_ORDERED, 25000, 6.198883056640625e-06, 1.0967254638671875e-05, 9.059906005859375e-06, 1.1920928955078125e-05, 9.5367431640625e-07, 0.0006167888641357422
ALMOST_ORDERED, 26000, 7.152557373046875e-06, 1.2874603271484375e-05, 1.0251998901367188e-05, 1.0967254638671875e-05, 9.5367431640625e-07, 0.0006902217864990234
ALMOST_ORDERED, 27000, 8.344650268554688e-06, 1.0967254638671875e-05, 1.0013580322265625e-05, 1.1682510375976562e-05, 2.1457672119140625e-06, 0.0007121562957763672
ALMOST_ORDERED, 28000, 9.059906005859375e-06, 7.867813110351562e-06, 1.0013580322265625e-05, 1.3113021850585938e-05, 2.1457672119140625e-06, 0.0006909370422363281
ALMOST_ORDERED, 29000, 8.821487426757812e-06, 1.4066696166992188e-05, 1.1205673217773438e-05, 1.2636184692382812e-05, 3.0994415283203125e-06, 0.0007140636444091797
ALMOST_ORDERED, 30000, 7.867813110351562e-06, 1.621246337890625e-05, 1.0013580322265625e-05, 1.3828277587890625e-05, 1.9073486328125e-06, 0.0007722377777099609
ALMOST_ORDERED, 31000, 1.0967254638671875e-05, 7.867813110351562e-06, 1.0967254638671875e-05, 1.3828277587890625e-05, 3.0994415283203125e-06, 0.0007600784301757812
ALMOST_ORDERED, 32000, 1.0013580322265625e-05, 1.3828277587890625e-05, 1.1920928955078125e-05, 1.5020370483398438e-05, 1.9073486328125e-06, 0.0007963180541992188
ALMOST_ORDERED, 33000, 1.0967254638671875e-05, 1.5974044799804688e-05, 1.2159347534179688e-05, 2.288818359375e-05, 1.9073486328125e-06, 0.0008702278137207031
ALMOST_ORDERED, 34000, 1.0967254638671875e-05, 1.9311904907226562e-05, 1.2636184692382812e-05, 1.621246337890625e-05, 2.1457672119140625e-06, 0.0008478164672851562
ALMOST_ORDERED, 35000, 1.1920928955078125e-05, 2.002716064453125e-05, 1.3113021850585938e-05, 1.6927719116210938e-05, 1.9073486328125e-06, 0.0008862018585205078
ALMOST_ORDERED, 36000, 1.3113021850585938e-05, 1.5974044799804688e-05, 1.3828277587890625e-05, 1.71661376953125e-05, 3.0994415283203125e-06, 0.0009698867797851562
ALMOST_ORDERED, 37000, 1.6927719116210938e-05, 1.5020370483398438e-05, 1.6927719116210938e-05, 2.3126602172851562e-05, 3.0994415283203125e-06, 0.0009191036224365234
ALMOST_ORDERED, 38000, 1.4781951904296875e-05, 2.4080276489257812e-05, 1.5735626220703125e-05, 1.9073486328125e-05, 2.86102294921875e-06, 0.000978231430053711
ALMOST_ORDERED, 39000, 1.5974044799804688e-05, 1.8835067749023438e-05, 1.621246337890625e-05, 1.8835067749023438e-05, 2.1457672119140625e-06, 0.0010149478912353516
ALMOST_ORDERED, 40000, 2.002716064453125e-05, 2.9087066650390625e-05, 1.7881393432617188e-05, 2.002716064453125e-05, 3.0994415283203125e-06, 0.001008749008178711
ALMOST_ORDERED, 41000, 1.5735626220703125e-05, 2.288818359375e-05, 1.6927719116210938e-05, 2.09808349609375e-05, 2.1457672119140625e-06, 0.001055002212524414
ALMOST_ORDERED, 42000, 1.6927719116210938e-05, 2.002716064453125e-05, 1.71661376953125e-05, 2.193450927734375e-05, 2.86102294921875e-06, 0.0011360645294189453
ALMOST_ORDERED, 43000, 1.811981201171875e-05, 1.9073486328125e-05, 1.5735626220703125e-05, 2.2172927856445312e-05, 3.0994415283203125e-06, 0.0010838508605957031
ALMOST_ORDERED, 44000, 1.8835067749023438e-05, 1.9073486328125e-05, 1.71661376953125e-05, 2.2649765014648438e-05, 3.0994415283203125e-06, 0.001123189926147461
ALMOST_ORDERED, 45000, 2.002716064453125e-05, 2.1219253540039062e-05, 1.7881393432617188e-05, 2.3126602172851562e-05, 3.814697265625e-06, 0.0012133121490478516
ALMOST_ORDERED, 46000, 2.8848648071289062e-05, 2.3126602172851562e-05, 1.7881393432617188e-05, 2.4080276489257812e-05, 3.0994415283203125e-06, 0.0011870861053466797
ALMOST_ORDERED, 47000, 2.09808349609375e-05, 1.3113021850585938e-05, 1.7881393432617188e-05, 2.5272369384765625e-05, 3.814697265625e-06, 0.0011959075927734375
ALMOST_ORDERED, 48000, 2.193450927734375e-05, 2.47955322265625e-05, 1.8358230590820312e-05, 2.47955322265625e-05, 3.0994415283203125e-06, 0.0011980533599853516
ALMOST_ORDERED, 49000, 2.2172927856445312e-05, 2.09808349609375e-05, 1.7881393432617188e-05, 2.6226043701171875e-05, 3.0994415283203125e-06, 0.0012378692626953125
ALMOST_ORDERED, 50000, 2.3126602172851562e-05, 3.790855407714844e-05, 2.4080276489257812e-05, 2.5987625122070312e-05, 4.0531158447265625e-06, 0.00138092041015625
