		n 		 BubbleSort 		 InsertionSort 		 MergeSort 		 HeapSort 		 QuickSort 		 CountingSort
		 1000 		0.0202 		0.0 		0.0007 		0.0001 		0.0175 		0.0001
		 2000 		0.0184 		0.0074 		0.0008 		0.001 		0.0005 		0.0002
		 3000 		0.0184 		0.0078 		0.0007 		0.0011 		0.0005 		0.0002
		 4000 		0.0184 		0.0077 		0.0007 		0.001 		0.0005 		0.0003
		 5000 		0.0188 		0.0081 		0.0008 		0.001 		0.0005 		0.0003
		 6000 		0.018 		0.0075 		0.0007 		0.001 		0.0005 		0.0004
		 7000 		0.0185 		0.0078 		0.0007 		0.001 		0.0005 		0.0004
		 8000 		0.0177 		0.0074 		0.0007 		0.001 		0.0005 		0.0005
		 9000 		0.0182 		0.0074 		0.0007 		0.001 		0.0005 		0.0005
		 10000 		0.0185 		0.0081 		0.0007 		0.001 		0.0005 		0.0006
		 11000 		0.0184 		0.0077 		0.0008 		0.001 		0.0005 		0.0006
		 12000 		0.0183 		0.0076 		0.0008 		0.001 		0.0005 		0.0007
		 13000 		0.0181 		0.0074 		0.0007 		0.001 		0.0005 		0.0007
		 14000 		0.0187 		0.008 		0.0008 		0.001 		0.0005 		0.0008
		 15000 		0.0187 		0.0079 		0.0007 		0.001 		0.0005 		0.0008
		 16000 		0.018 		0.0076 		0.0007 		0.001 		0.0005 		0.0009
		 17000 		0.018 		0.0075 		0.0007 		0.001 		0.0005 		0.0009
		 18000 		0.0183 		0.0075 		0.0007 		0.001 		0.0005 		0.001
		 19000 		0.0181 		0.0075 		0.0007 		0.001 		0.0005 		0.0011
		 20000 		0.0182 		0.0076 		0.0007 		0.001 		0.0005 		0.0011
		 21000 		0.0185 		0.0079 		0.0007 		0.001 		0.0005 		0.0011
		 22000 		0.0184 		0.0076 		0.0008 		0.001 		0.0005 		0.0011
		 23000 		0.0184 		0.0077 		0.0007 		0.001 		0.0005 		0.0012
		 24000 		0.0184 		0.0076 		0.0007 		0.001 		0.0005 		0.0012
		 25000 		0.0183 		0.0077 		0.0007 		0.001 		0.0005 		0.0013
		 26000 		0.0185 		0.0078 		0.0007 		0.001 		0.0005 		0.0013
		 27000 		0.0182 		0.0078 		0.0007 		0.001 		0.0004 		0.0014
		 28000 		0.0184 		0.0078 		0.0007 		0.001 		0.0005 		0.0014
		 29000 		0.0182 		0.0078 		0.0007 		0.001 		0.0005 		0.0015
		 30000 		0.0183 		0.0076 		0.0008 		0.001 		0.0005 		0.0016
		 31000 		0.0186 		0.0078 		0.0007 		0.001 		0.0005 		0.0016
		 32000 		0.0184 		0.0078 		0.0007 		0.001 		0.0005 		0.0016
		 33000 		0.0182 		0.0075 		0.0007 		0.001 		0.0005 		0.0017
		 34000 		0.0183 		0.0074 		0.0007 		0.001 		0.0005 		0.0017
		 35000 		0.0179 		0.0077 		0.0007 		0.001 		0.0005 		0.0018
		 36000 		0.0188 		0.0078 		0.0007 		0.001 		0.0005 		0.0018
		 37000 		0.0184 		0.0078 		0.0007 		0.001 		0.0005 		0.0019
		 38000 		0.0189 		0.0079 		0.0007 		0.001 		0.0004 		0.002
		 39000 		0.0182 		0.0077 		0.0008 		0.001 		0.0005 		0.002
		 40000 		0.0183 		0.0077 		0.0008 		0.001 		0.0005 		0.0021
		 41000 		0.0189 		0.008 		0.0007 		0.001 		0.0005 		0.0021
		 42000 		0.0184 		0.0078 		0.0008 		0.001 		0.0005 		0.0022
		 43000 		0.019 		0.0081 		0.0007 		0.0011 		0.0005 		0.0022
		 44000 		0.0179 		0.0074 		0.0007 		0.001 		0.0005 		0.0024
		 45000 		0.0183 		0.0076 		0.0007 		0.001 		0.0005 		0.0023
		 46000 		0.0183 		0.0077 		0.0008 		0.001 		0.0005 		0.0023
		 47000 		0.0182 		0.0076 		0.0007 		0.001 		0.0005 		0.0024
		 48000 		0.0186 		0.008 		0.0008 		0.001 		0.0005 		0.0025
		 49000 		0.0181 		0.0074 		0.0007 		0.001 		0.0005 		0.0026
		 50000 		0.0188 		0.0079 		0.0007 		0.001 		0.0004 		0.0025
		 51000 		0.0192 		0.0084 		0.0007 		0.001 		0.0004 		0.0026
		 52000 		0.0184 		0.0077 		0.0007 		0.0011 		0.0005 		0.0028
		 53000 		0.0183 		0.0075 		0.0007 		0.001 		0.0005 		0.0028
		 54000 		0.0184 		0.0077 		0.0008 		0.001 		0.0005 		0.0027
		 55000 		0.0184 		0.0077 		0.0007 		0.001 		0.0005 		0.0028
		 56000 		0.0185 		0.0079 		0.0008 		0.001 		0.0005 		0.0028
		 57000 		0.0179 		0.0074 		0.0007 		0.001 		0.0005 		0.0029
		 58000 		0.0182 		0.0077 		0.0007 		0.001 		0.0005 		0.003
		 59000 		0.0183 		0.0074 		0.0007 		0.001 		0.0005 		0.0031
		 60000 		0.0182 		0.0074 		0.0007 		0.001 		0.0005 		0.0031
		 61000 		0.0181 		0.0074 		0.0007 		0.001 		0.0005 		0.0032
		 62000 		0.0184 		0.0076 		0.0007 		0.001 		0.0005 		0.0031
		 63000 		0.0178 		0.0072 		0.0007 		0.001 		0.0005 		0.0032
		 64000 		0.0183 		0.0078 		0.0007 		0.001 		0.0005 		0.0032
		 65000 		0.0182 		0.0075 		0.0008 		0.001 		0.0005 		0.0035
		 66000 		0.0185 		0.0077 		0.0007 		0.001 		0.0005 		0.0033
		 67000 		0.0184 		0.0077 		0.0008 		0.001 		0.0005 		0.0034
		 68000 		0.0186 		0.0078 		0.0008 		0.001 		0.0005 		0.0034
		 69000 		0.0183 		0.0076 		0.0007 		0.001 		0.0005 		0.0035
		 70000 		0.0183 		0.0076 		0.0007 		0.0011 		0.0005 		0.0035
		 71000 		0.0183 		0.0077 		0.0007 		0.001 		0.0005 		0.0036
		 72000 		0.0184 		0.0078 		0.0007 		0.001 		0.0005 		0.0036
		 73000 		0.0182 		0.0074 		0.0007 		0.0011 		0.0005 		0.0036
		 74000 		0.0177 		0.0075 		0.0007 		0.001 		0.0005 		0.0038
		 75000 		0.0183 		0.0076 		0.0008 		0.001 		0.0005 		0.0038
		 76000 		0.0185 		0.008 		0.0007 		0.001 		0.0005 		0.0038
		 77000 		0.0183 		0.0076 		0.0007 		0.001 		0.0005 		0.004
		 78000 		0.0183 		0.0076 		0.0007 		0.001 		0.0005 		0.0038
		 79000 		0.0182 		0.0076 		0.0007 		0.001 		0.0005 		0.004
		 80000 		0.0182 		0.0074 		0.0007 		0.001 		0.0005 		0.0039
		 81000 		0.0181 		0.0077 		0.0007 		0.001 		0.0005 		0.0042
		 82000 		0.0179 		0.0075 		0.0007 		0.001 		0.0005 		0.004
		 83000 		0.0186 		0.0079 		0.0008 		0.001 		0.0005 		0.0041
		 84000 		0.0182 		0.0076 		0.0007 		0.001 		0.0005 		0.0042
		 85000 		0.0184 		0.0076 		0.0007 		0.001 		0.0005 		0.0043
		 86000 		0.0185 		0.0077 		0.0008 		0.001 		0.0005 		0.0042
		 87000 		0.0182 		0.0076 		0.0007 		0.001 		0.0005 		0.0044
		 88000 		0.0182 		0.0078 		0.0008 		0.001 		0.0005 		0.0044
		 89000 		0.0184 		0.0077 		0.0007 		0.001 		0.0005 		0.0044
		 90000 		0.0183 		0.0077 		0.0008 		0.001 		0.0005 		0.0045
		 91000 		0.018 		0.0074 		0.0008 		0.001 		0.0005 		0.0045
		 92000 		0.0183 		0.0074 		0.0007 		0.0011 		0.0005 		0.0047
		 93000 		0.0185 		0.0075 		0.0007 		0.0011 		0.0005 		0.0046
		 94000 		0.0182 		0.0078 		0.0007 		0.001 		0.0005 		0.0046
		 95000 		0.0184 		0.0077 		0.0007 		0.001 		0.0005 		0.0047
		 96000 		0.0183 		0.0077 		0.0007 		0.001 		0.0005 		0.0049
		 97000 		0.0184 		0.0079 		0.0007 		0.001 		0.0005 		0.0049
		 98000 		0.0182 		0.0076 		0.0007 		0.001 		0.0005 		0.0049
		 99000 		0.0183 		0.0076 		0.0007 		0.001 		0.0005 		0.005
		 100000 		0.0186 		0.0077 		0.0007 		0.001 		0.0005 		0.005
[[REVERSE]]
		 n 		 BubbleSort 		 InsertionSort 		 MergeSort 		 HeapSort 		 QuickSort 		 CountingSort
		 1000 		0.0 		0.0 		0.0 		0.0 		0.0 				 2000 		0.0224 		0.0147 		0.0006 		0.001 		0.0127 		0.0001
		 3000 		0.0935 		0.06 		0.0013 		0.0021 		0.0502 		0.0003
		 4000 		0.2112 		0.1367 		0.002 		0.0033 		0.1146 		0.0004
		 5000 		0.3777 		0.2452 		0.0028 		0.0046 		0.2068 		0.0005
		 6000 		0.596 		0.384 		0.0036 		0.0059 		0.3194 		0.0006
		 7000 		0.8611 		0.5573 		0.0044 		0.0074 		0.4605 		0.0007
		 8000 		1.1732 		0.7571 		0.0052 		0.0088 		0.6291 		0.0008
		 9000 		